9999
9997
9994
9991
9990
9987
9980
9972
9971
9968
9967
9965
9961
9957
9956
9954
9952
9943
9941
9937
9936
9934
9934
9927
9926
9926
9924
9920
9916
9910
9910
9909
9898
9896
9893
9893
9893
9881
9878
9872
9870
9869
9866
9864
9862
9859
9859
9858
9855
9853
9844
9841
9841
9840
9833
9831
9829
9825
9817
9815
9815
9807
9805
9804
9804
9804
9795
9789
9782
9778
9776
9773
9771
9761
9755
9750
9742
9728
9728
9727
9723
9715
9715
9708
9705
9704
9703
9701
9701
9688
9685
9680
9678
9676
9675
9673
9672
9669
9666
9666
9665
9662
9660
9656
9645
9640
9639
9639
9637
9636
9634
9630
9621
9620
9619
9618
9616
9616
9614
9614
9606
9602
9601
9600
9596
9593
9592
9591
9581
9580
9574
9570
9569
9555
9550
9549
9544
9540
9537
9533
9530
9527
9526
9526
9522
9522
9514
9513
9510
9510
9509
9505
9502
9498
9492
9492
9491
9489
9488
9487
9480
9474
9472
9470
9465
9463
9461
9460
9449
9443
9441
9441
9437
9433
9432
9429
9417
9417
9408
9407
9406
9404
9402
9401
9397
9392
9392
9391
9381
9377
9377
9376
9369
9363
9359
9353
9353
9352
9351
9348
9344
9336
9329
9328
9327
9325
9316
9312
9297
9296
9291
9289
9288
9280
9278
9277
9274
9274
9272
9270
9263
9262
9260
9255
9254
9253
9251
9251
9250
9250
9249
9238
9235
9230
9227
9223
9216
9215
9213
9197
9196
9190
9189
9186
9186
9184
9175
9170
9170
9169
9165
9164
9153
9153
9149
9148
9146
9144
9141
9140
9133
9131
9128
9124
9119
9118
9116
9112
9111
9102
9101
9097
9086
9085
9074
9072
9071
9063
9060
9058
9057
9046
9037
9036
9026
9024
9024
9023
9021
9015
9014
9009
9007
9005
9004
9003
9002
8998
8990
8981
8979
8976
8964
8963
8963
8960
8954
8952
8950
8944
8936
8935
8933
8932
8932
8929
8926
8924
8916
8900
8900
8894
8892
8890
8889
8888
8886
8883
8879
8870
8869
8867
8864
8864
8862
8858
8850
8846
8845
8844
8840
8834
8834
8830
8829
8825
8821
8817
8816
8813
8801
8800
8797
8796
8795
8791
8791
8790
8782
8781
8774
8769
8766
8763
8760
8756
8753
8753
8752
8750
8749
8747
8739
8736
8732
8728
8712
8712
8710
8709
8706
8701
8701
8700
8698
8691
8689
8689
8683
8681
8675
8673
8669
8666
8665
8660
8659
8651
8649
8648
8645
8644
8640
8637
8629
8627
8627
8619
8619
8617
8616
8612
8608
8607
8606
8598
8593
8588
8587
8583
8578
8573
8572
8566
8557
8548
8546
8538
8535
8533
8532
8528
8527
8526
8522
8521
8513
8510
8506
8503
8501
8494
8493
8488
8488
8483
8475
8471
8469
8464
8456
8455
8450
8445
8441
8439
8434
8429
8428
8426
8423
8408
8407
8402
8398
8390
8389
8383
8381
8376
8375
8374
8372
8372
8370
8369
8368
8366
8364
8364
8361
8360
8356
8356
8356
8350
8344
8344
8338
8337
8331
8331
8323
8322
8321
8320
8318
8316
8315
8311
8307
8306
8300
8299
8295
8294
8286
8286
8284
8284
8279
8274
8269
8262
8257
8257
8254
8254
8247
8246
8243
8239
8236
8231
8221
8218
8215
8214
8214
8212
8207
8206
8205
8196
8193
8192
8183
8182
8180
8177
8174
8173
8159
8152
8151
8151
8148
8139
8137
8136
8132
8129
8128
8120
8119
8114
8113
8112
8106
8105
8097
8081
8075
8073
8072
8072
8066
8066
8065
8064
8061
8060
8057
8055
8049
8049
8048
8048
8043
8042
8041
8034
8033
8026
8025
8023
8022
8013
8009
8002
7990
7987
7979
7967
7958
7956
7952
7952
7946
7944
7944
7938
7933
7931
7929
7929
7926
7921
7920
7919
7917
7916
7911
7903
7901
7899
7898
7895
7891
7888
7887
7886
7885
7880
7880
7880
7880
7878
7876
7875
7873
7873
7872
7870
7869
7864
7863
7861
7860
7855
7849
7847
7843
7842
7840
7836
7829
7828
7828
7820
7817
7814
7805
7802
7800
7790
7786
7785
7782
7778
7778
7764
7756
7754
7754
7753
7751
7751
7750
7747
7739
7734
7734
7725
7720
7716
7712
7711
7703
7702
7695
7693
7686
7683
7678
7674
7673
7671
7668
7657
7655
7653
7648
7644
7642
7641
7639
7635
7629
7623
7615
7614
7613
7607
7605
7604
7600
7597
7597
7593
7586
7586
7569
7564
7558
7548
7548
7546
7546
7546
7541
7535
7525
7521
7520
7519
7517
7516
7516
7515
7514
7514
7505
7502
7502
7497
7490
7487
7481
7480
7477
7470
7464
7462
7454
7454
7452
7452
7451
7451
7444
7444
7443
7437
7427
7424
7409
7392
7392
7391
7391
7390
7390
7384
7381
7380
7375
7370
7369
7369
7369
7366
7366
7362
7359
7356
7352
7351
7340
7337
7337
7333
7329
7328
7328
7327
7326
7323
7317
7316
7312
7308
7308
7306
7302
7296
7292
7287
7282
7276
7275
7269
7268
7267
7267
7267
7258
7251
7242
7240
7240
7238
7236
7234
7233
7231
7227
7223
7222
7221
7220
7218
7199
7195
7193
7189
7188
7185
7184
7184
7181
7177
7172
7166
7164
7164
7157
7147
7146
7143
7138
7136
7135
7133
7131
7128
7113
7111
7110
7110
7107
7102
7102
7100
7090
7088
7088
7085
7081
7081
7080
7074
7066
7064
7053
7045
7042
7035
7034
7032
7031
7031
7028
7027
7025
7024
7024
7018
7016
7001
7000
6998
6997
6995
6989
6989
6989
6985
6985
6984
6973
6973
6969
6964
6960
6957
6953
6943
6939
6930
6925
6921
6918
6916
6912
6910
6908
6906
6904
6902
6896
6890
6889
6887
6886
6880
6875
6871
6869
6861
6859
6856
6849
6844
6842
6833
6831
6831
6830
6819
6814
6808
6800
6797
6797
6797
6795
6792
6788
6788
6786
6785
6764
6762
6761
6759
6757
6757
6752
6748
6742
6739
6739
6730
6730
6725
6718
6717
6715
6712
6712
6705
6702
6701
6701
6700
6697
6696
6696
6685
6682
6682
6680
6678
6677
6674
6665
6658
6657
6653
6653
6653
6652
6652
6640
6637
6636
6635
6630
6623
6622
6616
6614
6613
6611
6611
6610
6609
6608
6607
6606
6602
6602
6599
6595
6592
6589
6589
6588
6586
6586
6584
6581
6577
6564
6562
6558
6554
6553
6552
6549
6548
6547
6545
6544
6543
6542
6537
6535
6527
6525
6524
6522
6522
6522
6520
6519
6519
6518
6517
6514
6511
6507
6506
6492
6485
6482
6477
6477
6475
6472
6472
6462
6458
6456
6455
6450
6449
6445
6445
6442
6439
6438
6437
6432
6427
6424
6424
6417
6416
6412
6409
6408
6404
6401
6379
6377
6376
6369
6369
6368
6356
6356
6353
6348
6342
6340
6338
6335
6331
6331
6328
6328
6326
6324
6324
6323
6312
6311
6310
6302
6301
6299
6296
6296
6292
6291
6289
6287
6285
6285
6280
6278
6278
6272
6257
6253
6252
6251
6247
6245
6240
6238
6236
6234
6224
6220
6219
6215
6208
6203
6197
6196
6192
6188
6187
6186
6178
6176
6166
6166
6165
6162
6161
6160
6158
6152
6148
6147
6143
6143
6140
6140
6137
6137
6132
6120
6119
6117
6114
6110
6108
6102
6100
6092
6084
6084
6077
6071
6064
6060
6059
6058
6054
6044
6042
6039
6037
6020
6019
6017
6010
6009
6006
6004
6003
6001
6000
5990
5983
5980
5972
5970
5967
5967
5965
5959
5954
5950
5948
5948
5947
5945
5937
5936
5929
5925
5925
5925
5918
5916
5912
5912
5909
5905
5904
5895
5895
5892
5885
5882
5876
5875
5875
5868
5866
5866
5865
5864
5862
5857
5851
5851
5849
5847
5843
5841
5834
5834
5832
5829
5827
5824
5824
5814
5812
5811
5807
5804
5801
5800
5796
5795
5794
5791
5789
5786
5786
5778
5777
5776
5775
5773
5770
5764
5760
5756
5756
5753
5745
5743
5738
5725
5719
5715
5712
5708
5708
5707
5701
5700
5699
5699
5693
5691
5688
5687
5686
5686
5678
5671
5667
5650
5646
5641
5632
5630
5628
5628
5626
5623
5621
5613
5613
5608
5608
5605
5604
5599
5597
5597
5597
5596
5596
5595
5592
5591
5591
5589
5588
5583
5582
5581
5572
5571
5570
5570
5563
5562
5561
5553
5551
5547
5541
5539
5538
5523
5516
5514
5514
5507
5505
5503
5501
5500
5499
5497
5488
5481
5480
5477
5476
5476
5474
5472
5468
5468
5455
5454
5454
5452
5443
5442
5441
5437
5430
5430
5415
5412
5412
5410
5409
5407
5406
5393
5392
5389
5384
5378
5375
5374
5373
5372
5367
5363
5362
5357
5357
5354
5340
5339
5338
5337
5334
5332
5319
5318
5316
5315
5309
5304
5304
5291
5284
5283
5283
5281
5265
5258
5258
5256
5251
5250
5247
5239
5238
5236
5233
5232
5230
5223
5221
5203
5200
5198
5196
5190
5189
5188
5180
5165
5152
5145
5144
5139
5137
5133
5130
5123
5120
5115
5114
5114
5114
5113
5106
5106
5098
5092
5089
5088
5079
5077
5072
5072
5069
5066
5061
5060
5052
5043
5038
5035
5035
5034
5032
5025
5023
5020
5018
5017
5016
5015
5014
5008
5004
4999
4995
4988
4988
4984
4978
4970
4968
4957
4955
4952
4945
4945
4942
4942
4941
4939
4939
4932
4925
4902
4902
4900
4900
4898
4897
4897
4896
4883
4882
4879
4874
4870
4868
4865
4861
4853
4847
4842
4842
4840
4837
4834
4832
4820
4820
4812
4810
4804
4804
4795
4793
4788
4788
4788
4778
4770
4770
4764
4763
4763
4762
4762
4762
4761
4756
4756
4752
4751
4751
4747
4739
4736
4731
4728
4723
4722
4721
4717
4714
4712
4712
4712
4710
4710
4708
4706
4704
4702
4700
4687
4684
4681
4680
4679
4678
4677
4675
4673
4671
4666
4664
4657
4654
4654
4651
4647
4647
4644
4642
4630
4630
4628
4625
4623
4623
4619
4617
4608
4605
4604
4603
4597
4592
4591
4589
4588
4585
4577
4569
4566
4563
4562
4562
4560
4560
4560
4560
4559
4555
4552
4547
4540
4534
4522
4515
4514
4510
4509
4509
4508
4507
4507
4503
4498
4498
4496
4496
4495
4493
4489
4489
4486
4482
4478
4477
4477
4477
4469
4463
4461
4459
4458
4452
4449
4448
4444
4432
4424
4422
4419
4411
4410
4410
4398
4396
4395
4393
4392
4382
4382
4379
4379
4375
4369
4365
4365
4354
4349
4348
4343
4342
4340
4339
4335
4334
4328
4311
4311
4310
4309
4302
4300
4298
4295
4295
4295
4295
4292
4289
4288
4287
4282
4281
4281
4280
4272
4266
4265
4263
4261
4260
4248
4245
4244
4240
4237
4237
4234
4233
4219
4218
4215
4213
4208
4206
4202
4200
4195
4186
4182
4180
4179
4176
4167
4164
4163
4159
4157
4153
4153
4150
4149
4140
4132
4130
4123
4119
4117
4114
4110
4102
4100
4098
4096
4094
4088
4087
4084
4082
4064
4063
4062
4051
4049
4045
4043
4032
4031
4030
4024
4023
4021
4021
4019
4018
4015
4007
4007
4005
4001
3997
3993
3990
3984
3983
3983
3981
3979
3979
3972
3970
3970
3955
3953
3949
3947
3947
3945
3944
3943
3941
3932
3923
3921
3919
3917
3914
3913
3913
3911
3910
3903
3903
3900
3899
3898
3892
3885
3875
3870
3856
3852
3851
3850
3847
3845
3843
3841
3839
3838
3830
3827
3823
3818
3817
3814
3811
3804
3797
3794
3789
3788
3787
3785
3783
3783
3783
3780
3776
3775
3774
3773
3772
3765
3763
3753
3752
3752
3751
3734
3733
3731
3726
3724
3718
3714
3709
3707
3703
3700
3692
3692
3689
3686
3683
3683
3682
3681
3678
3666
3665
3663
3660
3658
3654
3653
3652
3651
3651
3650
3646
3645
3645
3640
3638
3632
3629
3629
3628
3624
3624
3622
3619
3613
3611
3611
3611
3604
3602
3597
3597
3592
3592
3575
3571
3571
3561
3558
3558
3550
3549
3544
3535
3522
3521
3516
3516
3512
3510
3503
3498
3498
3498
3497
3496
3490
3478
3474
3472
3466
3466
3461
3457
3457
3456
3455
3454
3440
3438
3435
3433
3428
3428
3427
3426
3425
3423
3421
3420
3405
3404
3403
3402
3397
3396
3396
3390
3384
3381
3381
3378
3376
3373
3371
3368
3363
3360
3360
3359
3354
3353
3347
3343
3340
3339
3336
3330
3327
3326
3325
3324
3322
3321
3314
3313
3311
3310
3306
3305
3299
3296
3286
3284
3284
3283
3280
3276
3263
3257
3247
3246
3242
3239
3235
3234
3227
3226
3223
3218
3215
3215
3210
3207
3207
3203
3202
3186
3184
3180
3177
3170
3165
3163
3155
3147
3145
3144
3141
3140
3138
3135
3134
3132
3129
3125
3125
3117
3116
3113
3110
3109
3107
3094
3091
3088
3086
3085
3085
3073
3054
3050
3049
3049
3042
3040
3038
3037
3033
3029
3026
3020
3018
3013
3010
3007
3005
3004
3000
2999
2997
2996
2995
2991
2991
2978
2977
2974
2972
2971
2971
2965
2964
2964
2962
2962
2959
2954
2953
2952
2951
2951
2950
2946
2937
2934
2926
2917
2909
2907
2905
2904
2900
2898
2897
2892
2887
2882
2880
2876
2871
2862
2861
2858
2855
2854
2847
2847
2843
2839
2837
2834
2832
2831
2829
2824
2820
2818
2813
2809
2809
2808
2807
2798
2796
2794
2779
2770
2769
2768
2761
2758
2754
2746
2744
2743
2742
2741
2734
2733
2729
2725
2725
2720
2712
2709
2708
2707
2704
2702
2701
2698
2697
2696
2691
2690
2690
2688
2688
2678
2678
2671
2671
2669
2665
2660
2659
2659
2653
2651
2650
2646
2646
2632
2631
2631
2629
2627
2626
2622
2619
2612
2611
2611
2611
2609
2607
2606
2602
2600
2596
2594
2590
2588
2581
2580
2571
2569
2567
2564
2562
2562
2561
2561
2560
2558
2558
2549
2548
2544
2544
2541
2536
2536
2530
2523
2522
2515
2506
2504
2503
2503
2500
2491
2478
2477
2473
2467
2454
2451
2447
2445
2437
2435
2431
2427
2426
2425
2423
2421
2419
2411
2410
2408
2408
2403
2401
2401
2398
2394
2390
2385
2385
2382
2380
2371
2367
2362
2354
2352
2349
2349
2347
2345
2343
2342
2340
2335
2333
2331
2324
2319
2318
2318
2317
2316
2311
2307
2303
2299
2293
2287
2284
2281
2280
2268
2263
2260
2256
2250
2249
2247
2247
2245
2244
2243
2241
2241
2241
2240
2240
2238
2233
2225
2225
2220
2219
2216
2215
2211
2210
2210
2208
2208
2204
2202
2197
2193
2185
2181
2175
2170
2170
2167
2160
2159
2159
2156
2147
2146
2137
2127
2127
2123
2121
2117
2111
2111
2111
2107
2105
2104
2100
2099
2095
2092
2090
2090
2089
2086
2080
2079
2076
2074
2073
2072
2063
2062
2062
2056
2055
2054
2054
2050
2048
2029
2024
2020
2020
2015
2011
2010
2008
2008
1999
1989
1984
1983
1978
1976
1972
1969
1969
1963
1952
1949
1949
1940
1932
1929
1927
1927
1925
1925
1925
1923
1923
1918
1918
1916
1916
1914
1910
1910
1905
1885
1884
1881
1880
1877
1868
1867
1862
1854
1853
1852
1850
1848
1846
1844
1843
1843
1841
1839
1835
1834
1832
1829
1827
1822
1817
1815
1811
1810
1806
1804
1797
1797
1793
1792
1792
1792
1789
1788
1787
1786
1783
1780
1776
1773
1773
1769
1765
1761
1744
1743
1731
1730
1730
1729
1722
1719
1718
1713
1708
1707
1705
1694
1693
1693
1690
1685
1682
1681
1669
1659
1655
1652
1651
1649
1649
1648
1641
1640
1639
1635
1635
1635
1632
1627
1627
1619
1614
1607
1595
1595
1589
1584
1580
1580
1570
1570
1569
1568
1565
1565
1544
1537
1532
1527
1521
1517
1515
1515
1514
1511
1508
1503
1502
1499
1498
1497
1491
1489
1488
1483
1482
1480
1479
1476
1476
1470
1470
1462
1461
1461
1460
1460
1460
1458
1456
1453
1449
1448
1446
1436
1431
1429
1428
1423
1423
1417
1415
1415
1411
1409
1404
1403
1402
1402
1395
1390
1387
1386
1381
1380
1378
1374
1371
1370
1367
1351
1350
1350
1349
1349
1347
1343
1342
1340
1335
1333
1332
1332
1329
1324
1322
1321
1312
1309
1304
1302
1296
1289
1289
1278
1277
1272
1271
1270
1266
1263
1254
1252
1250
1248
1243
1243
1241
1241
1237
1227
1225
1224
1224
1207
1204
1202
1199
1188
1185
1180
1177
1177
1175
1168
1166
1163
1163
1159
1150
1146
1142
1138
1136
1135
1135
1134
1132
1131
1129
1113
1113
1110
1108
1106
1105
1105
1104
1104
1104
1101
1099
1097
1092
1090
1088
1082
1074
1074
1074
1071
1062
1059
1058
1050
1047
1045
1042
1042
1041
1034
1034
1033
1030
1026
1023
1021
1021
1018
1014
1014
1014
1012
1010
1008
993
992
992
989
984
982
980
978
973
968
965
962
961
961
953
949
948
946
946
938
937
926
923
922
920
920
914
910
904
898
896
894
893
893
871
863
859
858
851
851
843
842
841
840
839
838
838
837
835
827
824
824
824
823
822
813
810
806
806
805
805
804
803
803
803
803
802
801
790
786
784
782
782
781
779
779
778
774
774
765
761
761
760
755
752
752
751
748
742
730
727
727
725
717
709
701
700
700
695
692
692
686
683
679
677
674
672
667
660
656
653
650
643
640
640
637
636
632
627
615
612
609
602
601
600
593
591
589
589
586
583
583
579
576
576
576
565
565
564
564
561
559
556
552
551
550
542
537
529
523
520
518
507
498
497
497
492
482
481
477
476
468
467
455
453
451
448
448
439
438
436
433
433
429
427
420
419
415
412
407
402
398
396
396
394
394
383
380
378
378
378
376
374
373
369
368
367
367
365
363
359
355
354
354
353
352
349
348
347
342
340
339
334
331
328
324
319
317
312
307
304
301
295
293
288
286
284
279
276
274
270
264
257
255
255
253
252
230
229
229
227
225
223
222
218
218
216
214
205
195
188
186
183
177
176
173
169
163
160
159
158
155
155
153
145
145
139
135
134
134
123
120
113
112
112
111
105
89
88
87
79
69
64
64
60
56
54
46
43
35
25
20
12
9
7
7
4
2
